0.205882352941	0.441176470588	0.0882352941176	0.264705882353
0.176470588235	0.264705882353	0.5	0.0588235294118
0.352941176471	0.147058823529	0.323529411765	0.176470588235
0.235294117647	0.5	0.176470588235	0.0882352941176
0.176470588235	0.676470588235	0.0882352941176	0.0588235294118
0.294117647059	0.147058823529	0.411764705882	0.147058823529
0.441176470588	0.352941176471	0.176470588235	0.0294117647059
0.0882352941176	0.441176470588	0.0588235294118	0.411764705882
0.794117647059	0.0294117647059	0.147058823529	0.0294117647059
0.0588235294118	0.0294117647059	0.852941176471	0.0588235294118
0.294117647059	0.0588235294118	0.588235294118	0.0588235294118
0.0294117647059	0.0588235294118	0.264705882353	0.647058823529
0.0294117647059	0.0294117647059	0.911764705882	0.0294117647059
0.0294117647059	0.0294117647059	0.705882352941	0.235294117647
0.0294117647059	0.882352941176	0.0294117647059	0.0588235294118
0.0294117647059	0.0588235294118	0.852941176471	0.0588235294118
0.0294117647059	0.852941176471	0.0294117647059	0.0882352941176
0.0588235294118	0.352941176471	0.117647058824	0.470588235294
