0.538461538462	0.153846153846	0.269230769231	0.0384615384615
0.555555555556	0.0740740740741	0.0740740740741	0.296296296296
0.888888888889	0.037037037037	0.037037037037	0.037037037037
0.814814814815	0.037037037037	0.037037037037	0.111111111111
0.148148148148	0.296296296296	0.333333333333	0.222222222222
0.037037037037	0.111111111111	0.148148148148	0.703703703704
0.666666666667	0.037037037037	0.259259259259	0.037037037037
0.0740740740741	0.037037037037	0.851851851852	0.037037037037
0.518518518519	0.0740740740741	0.37037037037	0.037037037037
0.148148148148	0.148148148148	0.481481481481	0.222222222222
0.037037037037	0.888888888889	0.037037037037	0.037037037037
0.888888888889	0.037037037037	0.037037037037	0.037037037037
