0.561403508772	0.140350877193	0.0877192982456	0.210526315789
0.771929824561	0.0350877192982	0.0701754385965	0.122807017544
0.578947368421	0.0526315789474	0.0701754385965	0.298245614035
0.175438596491	0.298245614035	0.210526315789	0.315789473684
0.0701754385965	0.175438596491	0.19298245614	0.561403508772
0.666666666667	0.105263157895	0.210526315789	0.0175438596491
0.0175438596491	0.0350877192982	0.929824561404	0.0175438596491
0.59649122807	0.0350877192982	0.19298245614	0.175438596491
0.157894736842	0.0877192982456	0.456140350877	0.298245614035
0.0175438596491	0.929824561404	0.0175438596491	0.0350877192982
0.80701754386	0.0526315789474	0.105263157895	0.0350877192982
0.228070175439	0.385964912281	0.315789473684	0.0701754385965
