0.170298627926	0.29580306699	0.304681194512	0.229217110573
0.192338709677	0.198790322581	0.210483870968	0.398387096774
0.0475614671503	0.272873841193	0.0765820233777	0.602982668279
0.713018943974	0.09915356711	0.0358726320032	0.151954856913
0.683743444937	0.284388866478	0.0080677692618	0.0237999193223
0.000403225806452	0.935887096774	0.0149193548387	0.0487903225806
0.000403225806452	0.936290322581	0.000403225806452	0.0629032258065
0.000403063280935	0.998790810157	0.000403063280935	0.000403063280935
0.0464271295922	0.134033104562	0.207105369398	0.612434396447
0.167406212182	0.085114965712	0.0209762000807	0.726502622025
0.0653489310206	0.238402581686	0.0911657926583	0.605082694635
0.175877369907	0.428398547802	0.200080677693	0.195643404599
0.216532258065	0.271370967742	0.304032258065	0.208064516129
0.131504638967	0.323920935861	0.247680516337	0.296893908834
0.177087535296	0.278338039532	0.233561920129	0.311012505042
