0.0909090909091	0.0606060606061	0.0606060606061	0.787878787879
0.909090909091	0.030303030303	0.030303030303	0.030303030303
0.030303030303	0.030303030303	0.030303030303	0.909090909091
0.030303030303	0.030303030303	0.787878787879	0.151515151515
0.030303030303	0.606060606061	0.0606060606061	0.30303030303
0.757575757576	0.030303030303	0.030303030303	0.181818181818
0.878787878788	0.030303030303	0.0606060606061	0.030303030303
0.878787878788	0.030303030303	0.030303030303	0.0606060606061
0.151515151515	0.0606060606061	0.030303030303	0.757575757576
0.212121212121	0.181818181818	0.272727272727	0.333333333333
0.606060606061	0.181818181818	0.0606060606061	0.151515151515
0.151515151515	0.121212121212	0.484848484848	0.242424242424
