0.285134636665	0.385835485061	0.146440427886	0.182589450387
0.30184501845	0.39557195572	0.193357933579	0.109225092251
0.336896424622	0.308145963878	0.19977884261	0.155178768891
0.130210254519	0.342677978606	0.416082626337	0.111029140539
0.447271386431	0.325958702065	0.221607669617	0.00516224188791
0.102176318702	0.80486905201	0.0191811139801	0.073773515308
0.0840398083303	0.892370070033	0.000368595650571	0.023221525986
0.0819188191882	0.864206642066	0.0188191881919	0.0350553505535
0.0106932153392	0.988569321534	0.000368731563422	0.000368731563422
0.0188053097345	0.980457227139	0.000368731563422	0.000368731563422
0.0154867256637	0.785029498525	0.0132743362832	0.186209439528
0.287716709701	0.21320545924	0.48616746588	0.0129103651789
0.0582810770933	0.664330505349	0.108447067503	0.168941350055
0.151235706381	0.259313906308	0.315750645518	0.273699741793
0.0826568265683	0.0756457564576	0.79594095941	0.0457564575646
