0.262276785714	0.283110119048	0.132068452381	0.322544642857
0.21594565606	0.428673578834	0.070432606364	0.284948158742
0.144344205413	0.622831367106	0.132199861207	0.100624566273
0.00346981263012	0.000346981263012	0.937890353921	0.058292852186
0.107564191534	0.0402498265094	0.00277585010409	0.849410131853
0.00451075641915	0.877515614157	0.00277585010409	0.11519777932
0.960097154754	0.0336571825121	0.00173490631506	0.00451075641915
0.000346981263012	0.980916030534	0.000346981263012	0.0183900069396
0.0409437890354	0.000346981263012	0.958362248439	0.000346981263012
0.00902151283831	0.659611380985	0.331020124913	0.000346981263012
0.155794587092	0.307772380291	0.060027758501	0.476405274115
0.200208188758	0.387578070784	0.143303261624	0.268910478834
0.261623872311	0.343511450382	0.211658570437	0.18320610687
0.373542420587	0.288701246482	0.207880981102	0.12987535183
