0.176938369781	0.163021868787	0.422465208748	0.237574552684
0.148459383754	0.207282913165	0.375350140056	0.268907563025
0.1689373297	0.207084468665	0.346049046322	0.277929155313
0.156221616712	0.121707538601	0.480472297911	0.241598546776
0.0926430517711	0.211625794732	0.268846503179	0.426884650318
0.499545867393	0.0354223433243	0.372388737511	0.0926430517711
0.731153496821	0.000908265213442	0.174386920981	0.0935513169846
0.0299727520436	0.962761126249	0.0063578564941	0.000908265213442
0.996366939146	0.000908265213442	0.000908265213442	0.00181653042688
0.00817438692098	0.00181653042688	0.984559491371	0.00544959128065
0.00363306085377	0.00454132606721	0.989100817439	0.00272479564033
0.0118074477748	0.0108991825613	0.0172570390554	0.960036330609
0.0272479564033	0.00272479564033	0.917347865577	0.0526793823797
0.0546802594995	0.14828544949	0.584800741427	0.212233549583
