0.0384615384615	0.0384615384615	0.884615384615	0.0384615384615
0.0384615384615	0.769230769231	0.115384615385	0.0769230769231
0.115384615385	0.0384615384615	0.0384615384615	0.807692307692
0.615384615385	0.0384615384615	0.0384615384615	0.307692307692
0.0769230769231	0.846153846154	0.0384615384615	0.0384615384615
0.0384615384615	0.230769230769	0.0384615384615	0.692307692308
0.0769230769231	0.0384615384615	0.730769230769	0.153846153846
0.0769230769231	0.230769230769	0.346153846154	0.346153846154
0.192307692308	0.115384615385	0.423076923077	0.269230769231
0.192307692308	0.153846153846	0.269230769231	0.384615384615
0.0769230769231	0.230769230769	0.192307692308	0.5
0.307692307692	0.115384615385	0.153846153846	0.423076923077
0.346153846154	0.346153846154	0.269230769231	0.0384615384615
