0.0671428571429	0.33	0.28	0.322857142857
0.210386151798	0.103861517976	0.350199733688	0.335552596538
0.0782268578879	0.0143415906128	0.86962190352	0.0378096479791
0.0182529335072	0.979139504563	0.0013037809648	0.0013037809648
0.026075619296	0.0273794002608	0.0026075619296	0.943937418514
0.796610169492	0.019556714472	0.0143415906128	0.169491525424
0.0847457627119	0.912646675359	0.0013037809648	0.0013037809648
0.109517601043	0.350717079531	0.0013037809648	0.538461538462
0.0638852672751	0.0026075619296	0.874837027379	0.0586701434159
0.0456323337679	0.0560625814863	0.368970013038	0.529335071708
0.191655801825	0.0730117340287	0.357235984355	0.378096479791
0.113428943937	0.312907431551	0.185136897001	0.38852672751
0.207301173403	0.129074315515	0.295958279009	0.367666232073
0.216180371353	0.172413793103	0.254641909814	0.356763925729
