0.105263157895	0.263157894737	0.210526315789	0.421052631579
0.210526315789	0.421052631579	0.210526315789	0.157894736842
0.105263157895	0.210526315789	0.578947368421	0.105263157895
0.0526315789474	0.789473684211	0.105263157895	0.0526315789474
0.631578947368	0.210526315789	0.105263157895	0.0526315789474
0.0526315789474	0.263157894737	0.105263157895	0.578947368421
0.421052631579	0.105263157895	0.315789473684	0.157894736842
0.0526315789474	0.0526315789474	0.0526315789474	0.842105263158
0.0526315789474	0.0526315789474	0.684210526316	0.210526315789
0.105263157895	0.0526315789474	0.157894736842	0.684210526316
0.105263157895	0.157894736842	0.157894736842	0.578947368421
0.157894736842	0.210526315789	0.473684210526	0.157894736842
