0.350855235711	0.259073842303	0.214434710054	0.175636211932
0.326232247285	0.34335839599	0.144110275689	0.186299081036
0.389816360601	0.228714524207	0.217445742905	0.164023372287
0.396494156928	0.307178631052	0.0863939899833	0.209933222037
0.460350584307	0.436978297162	0.0559265442404	0.0467445742905
0.0287979966611	0.951168614357	0.000417362270451	0.0196160267112
0.526074259491	0.0279516061744	0.445556946183	0.000417188151856
0.000417014178482	0.000417014178482	0.998748957465	0.000417014178482
0.217028380634	0.00542570951586	0.0442404006678	0.733305509182
0.957446808511	0.0237797246558	0.0183562786817	0.000417188151856
0.000417188151856	0.00375469336671	0.99541093033	0.000417188151856
0.000417362270451	0.908180300501	0.0200333889816	0.0713689482471
0.327629382304	0.380634390651	0.103923205342	0.187813021703
0.293823038397	0.375626043406	0.229966611018	0.100584307179
