0.210382513661	0.489071038251	0.136612021858	0.16393442623
0.177595628415	0.669398907104	0.0628415300546	0.0901639344262
0.256830601093	0.158469945355	0.467213114754	0.117486338798
0.437158469945	0.387978142077	0.155737704918	0.0191256830601
0.0546448087432	0.385245901639	0.0218579234973	0.53825136612
0.967213114754	0.0109289617486	0.0136612021858	0.00819672131148
0.00273224043716	0.00546448087432	0.983606557377	0.00819672131148
0.590163934426	0.0109289617486	0.374316939891	0.0245901639344
0.00546448087432	0.0191256830601	0.177595628415	0.79781420765
0.00273224043716	0.0109289617486	0.983606557377	0.00273224043716
0.0109289617486	0.00273224043716	0.855191256831	0.131147540984
0.0491803278689	0.92349726776	0.00546448087432	0.0218579234973
0.016393442623	0.00819672131148	0.948087431694	0.0273224043716
0.016393442623	0.849726775956	0.0245901639344	0.109289617486
0.0901639344262	0.374316939891	0.0737704918033	0.46174863388
