0.0769230769231	0.538461538462	0.153846153846	0.230769230769
0.0769230769231	0.615384615385	0.230769230769	0.0769230769231
0.769230769231	0.0769230769231	0.0769230769231	0.0769230769231
0.769230769231	0.0769230769231	0.0769230769231	0.0769230769231
0.0769230769231	0.0769230769231	0.769230769231	0.0769230769231
0.0769230769231	0.0769230769231	0.769230769231	0.0769230769231
0.461538461538	0.153846153846	0.0769230769231	0.307692307692
0.0769230769231	0.692307692308	0.0769230769231	0.153846153846
0.538461538462	0.0769230769231	0.307692307692	0.0769230769231
0.153846153846	0.615384615385	0.0769230769231	0.153846153846
0.230769230769	0.461538461538	0.0769230769231	0.230769230769
0.230769230769	0.0769230769231	0.538461538462	0.153846153846
0.307692307692	0.461538461538	0.153846153846	0.0769230769231
