0.0909090909091	0.333333333333	0.272727272727	0.30303030303
0.030303030303	0.272727272727	0.424242424242	0.272727272727
0.212121212121	0.242424242424	0.333333333333	0.212121212121
0.0909090909091	0.121212121212	0.151515151515	0.636363636364
0.454545454545	0.030303030303	0.484848484848	0.030303030303
0.030303030303	0.030303030303	0.030303030303	0.909090909091
0.030303030303	0.030303030303	0.030303030303	0.909090909091
0.757575757576	0.030303030303	0.181818181818	0.030303030303
0.030303030303	0.909090909091	0.030303030303	0.030303030303
0.181818181818	0.030303030303	0.757575757576	0.030303030303
0.030303030303	0.0606060606061	0.030303030303	0.878787878788
0.818181818182	0.121212121212	0.030303030303	0.030303030303
0.909090909091	0.030303030303	0.030303030303	0.030303030303
0.030303030303	0.333333333333	0.181818181818	0.454545454545
