0.171902268761	0.201570680628	0.227748691099	0.398778359511
0.0479930191972	0.0732984293194	0.0828970331588	0.795811518325
0.0183246073298	0.841186736475	0.0165794066318	0.123909249564
0.918848167539	0.0122164048866	0.0148342059337	0.0541012216405
0.021815008726	0.044502617801	0.604712041885	0.328970331588
0.0244328097731	0.0191972076789	0.00349040139616	0.952879581152
0.0383944153578	0.384816753927	0.0532286212914	0.523560209424
0.180628272251	0.189354275742	0.356020942408	0.273996509599
0.219895287958	0.243455497382	0.257417102967	0.279232111693
0.249563699825	0.249563699825	0.17277486911	0.328097731239
0.223385689354	0.219895287958	0.19982547993	0.356893542757
0.22687609075	0.1815008726	0.207678883072	0.383944153578
