0.0613893376414	0.13731825525	0.741518578352	0.0597738287561
0.030794165316	0.0178282009724	0.933549432739	0.0178282009724
0.118122977346	0.00809061488673	0.830097087379	0.0436893203883
0.194174757282	0.0129449838188	0.783171521036	0.00970873786408
0.959546925566	0.0307443365696	0.00809061488673	0.00161812297735
0.184466019417	0.0776699029126	0.00161812297735	0.736245954693
0.0048465266559	0.0016155088853	0.0016155088853	0.991922455574
0.0016155088853	0.961227786753	0.0016155088853	0.0355411954766
0.0016155088853	0.987075928918	0.0016155088853	0.00969305331179
0.160453808752	0.37925445705	0.217179902755	0.243111831442
0.163430420712	0.211974110032	0.279935275081	0.344660194175
0.168284789644	0.215210355987	0.336569579288	0.279935275081
0.138933764136	0.206785137318	0.331179321486	0.32310177706
0.174757281553	0.221682847896	0.359223300971	0.244336569579
0.139384116694	0.22528363047	0.408427876823	0.226904376013
