0.260204081633	0.15306122449	0.244897959184	0.341836734694
0.102040816327	0.316326530612	0.0663265306122	0.515306122449
0.321428571429	0.0510204081633	0.535714285714	0.0918367346939
0.117346938776	0.147959183673	0.102040816327	0.632653061224
0.316326530612	0.00510204081633	0.0969387755102	0.581632653061
0.015306122449	0.00510204081633	0.969387755102	0.0102040816327
0.0204081632653	0.94387755102	0.00510204081633	0.030612244898
0.770408163265	0.209183673469	0.00510204081633	0.015306122449
0.00510204081633	0.0408163265306	0.015306122449	0.938775510204
0.918367346939	0.00510204081633	0.0561224489796	0.0204081632653
0.030612244898	0.892857142857	0.0255102040816	0.0510204081633
0.0102040816327	0.0663265306122	0.0102040816327	0.913265306122
0.015306122449	0.0408163265306	0.015306122449	0.928571428571
0.0612244897959	0.0510204081633	0.0459183673469	0.841836734694
0.0663265306122	0.270408163265	0.0612244897959	0.602040816327
0.321428571429	0.127551020408	0.408163265306	0.142857142857
0.102040816327	0.00510204081633	0.836734693878	0.0561224489796
0.0255102040816	0.030612244898	0.908163265306	0.0357142857143
0.0969387755102	0.709183673469	0.107142857143	0.0867346938776
