0.195652173913	0.0217391304348	0.717391304348	0.0652173913043
0.0652173913043	0.130434782609	0.0652173913043	0.739130434783
0.326086956522	0.0217391304348	0.130434782609	0.521739130435
0.0217391304348	0.0217391304348	0.934782608696	0.0217391304348
0.0217391304348	0.891304347826	0.0217391304348	0.0652173913043
0.717391304348	0.239130434783	0.0217391304348	0.0217391304348
0.0217391304348	0.0434782608696	0.0217391304348	0.913043478261
0.891304347826	0.0217391304348	0.0652173913043	0.0217391304348
0.108695652174	0.826086956522	0.0434782608696	0.0217391304348
0.108695652174	0.0217391304348	0.0217391304348	0.847826086957
0.0217391304348	0.0434782608696	0.0217391304348	0.913043478261
0.0869565217391	0.152173913043	0.0217391304348	0.739130434783
0.0869565217391	0.195652173913	0.0217391304348	0.695652173913
0.217391304348	0.217391304348	0.391304347826	0.173913043478
0.0652173913043	0.0869565217391	0.673913043478	0.173913043478
0.0217391304348	0.0652173913043	0.891304347826	0.0217391304348
0.108695652174	0.45652173913	0.347826086957	0.0869565217391
0.152173913043	0.0217391304348	0.586956521739	0.239130434783
0.0869565217391	0.45652173913	0.260869565217	0.195652173913
0.326086956522	0.391304347826	0.0652173913043	0.217391304348
