0.25	0.265432098765	0.354938271605	0.12962962963
0.033950617284	0.0617283950617	0.033950617284	0.87037037037
0.891975308642	0.0277777777778	0.0185185185185	0.0617283950617
0.0154320987654	0.0123456790123	0.00925925925926	0.962962962963
0.947530864198	0.00308641975309	0.00925925925926	0.0401234567901
0.651234567901	0.00617283950617	0.00308641975309	0.33950617284
0.972222222222	0.00308641975309	0.0154320987654	0.00925925925926
0.814814814815	0.0185185185185	0.037037037037	0.12962962963
0.472222222222	0.0586419753086	0.422839506173	0.0462962962963
0.203703703704	0.342592592593	0.271604938272	0.182098765432
0.25	0.336419753086	0.25	0.163580246914
0.206790123457	0.299382716049	0.348765432099	0.145061728395
